4 0.000000
5 0.000000
8 0.000000
61 0.000000
62 0.000000
77 0.000000
112 1.000000
132 0.000000
165 0.000000
223 0.500000
224 0.000000
322 1.000000
349 0.000000
362 0.000000
379 0.000000
380 0.000000
409 0.000000
419 0.000000
488 0.000000
499 0.000000
501 0.000000
539 0.000000
559 0.000000
574 0.250000
610 0.100000
615 0.166667
620 0.000000
672 0.000000
728 1.000000
753 0.000000
768 0.000000
787 0.000000
788 0.000000
809 0.000000
822 0.500000
828 0.000000
878 0.000000
885 0.000000
926 0.750000
998 1.000000
1019 0.000000
1068 0.000000
1069 0.000000
1195 0.000000
1242 0.000000
1275 0.000000
1281 0.000000
1287 0.000000
1323 0.000000
1340 0.000000
1374 0.000000
1386 0.750000
1394 0.000000
1422 0.000000
1427 1.000000
1469 0.000000
1475 1.000000
1488 0.000000
1499 0.000000
1549 0.000000
1567 0.000000
1583 0.000000
1629 1.000000
1682 0.000000
1714 0.333333
1730 0.000000
1736 0.000000
1751 0.000000
1752 0.000000
1792 0.000000
1803 0.000000
1841 0.000000
1887 0.000000
1899 0.000000
1905 0.500000
1917 0.857143
1978 0.000000
2012 0.000000
2015 0.000000
2034 0.000000
2085 0.000000
2128 0.000000
2176 1.000000
2181 0.000000
2193 0.000000
2208 0.000000
2235 0.000000
2241 0.000000
2254 0.500000
2299 1.000000
2310 1.000000
2312 0.000000
2368 0.000000
2378 0.000000
2400 0.000000
2455 0.000000
2470 0.000000
2589 0.000000
2600 0.000000
2625 0.000000
2704 0.000000
2705 0.000000
2717 0.000000
2742 0.000000
2762 0.000000
2812 1.000000
2822 0.000000
2828 0.000000
2897 0.250000
2931 0.250000
2978 0.000000
3003 0.000000
3014 0.000000
3046 0.000000
3064 0.000000
3068 0.000000
3070 0.000000
3090 0.000000
3098 0.000000
3170 0.000000
3171 0.000000
3191 0.000000
3207 0.000000
3233 0.000000
3303 0.000000
3313 0.000000
3338 0.000000
3417 0.000000
3432 0.000000
3454 0.000000
3583 0.250000
3644 0.583333
3649 0.000000
3730 1.000000
3735 1.000000
3743 0.000000
3762 0.000000
3779 0.312500
3814 0.000000
3850 0.000000
3853 0.000000
3940 0.000000
3955 0.333333
4000 0.250000
4013 0.000000
4046 0.000000
4063 0.000000
4076 0.000000
4153 0.000000
4265 0.000000
4284 0.000000
4294 0.000000
4330 0.000000
4425 0.000000
4440 1.000000
4445 0.250000
4454 0.000000
4491 0.000000
4520 0.000000
4536 0.000000
4620 0.000000
4625 0.000000
4652 0.000000
4666 0.000000
4683 0.000000
4724 0.000000
4738 0.000000
4748 0.000000
4755 0.000000
4856 0.000000
4863 0.000000
4926 0.000000
4936 1.000000
4986 0.000000
4988 0.000000
5008 0.000000
5013 0.000000
5017 0.000000
5018 0.000000
5087 0.500000
5108 0.000000
5152 0.000000
5205 0.000000
5225 0.000000
5282 0.000000
5287 0.000000
5342 0.000000
5343 0.000000
5382 0.000000
5413 0.000000
5484 0.000000
5485 0.000000
5492 0.750000
5527 0.000000
5536 0.000000
5549 0.000000
5575 1.000000
5595 0.000000
5597 0.000000
5607 0.000000
5627 0.000000
5639 0.000000
5649 0.000000
5665 0.000000
5688 0.000000
5722 0.000000
5789 0.000000
5794 0.000000
5813 0.000000
5820 0.000000
5860 0.000000
5908 0.000000
6101 0.000000
6116 0.000000
6189 0.000000
6191 0.000000
6219 0.000000
6228 0.000000
6279 0.000000
6292 0.000000
6335 0.000000
6398 0.000000
6421 0.000000
6437 0.000000
6510 0.000000
6588 0.000000
6618 0.000000
6660 0.000000
6666 0.000000
6777 0.000000
6788 0.000000
6825 0.200000
6954 0.000000
6992 0.000000
7015 0.000000
7045 0.000000
7048 0.000000
7053 0.000000
7115 0.000000
7159 0.000000
7165 0.000000
7262 0.000000
7307 0.000000
7355 0.000000
7390 0.000000
7392 0.000000
7393 0.000000
7457 0.000000
7554 0.000000
7578 0.000000
7584 0.000000
7596 0.000000
7664 0.000000
7675 0.000000
7747 0.000000
7830 0.000000
7892 0.000000
7906 0.000000
7914 0.000000
7917 0.000000
7947 0.000000
7971 0.000000
7993 0.000000
8079 0.000000
8087 0.500000
8098 0.000000
8121 0.000000
8138 0.000000
8141 0.000000
8184 0.750000
8185 0.250000
8270 1.000000
8275 0.000000
8285 0.000000
8292 0.000000
8320 0.000000
8343 0.000000
8346 0.000000
8369 0.000000
8379 0.000000
8403 0.000000
8407 0.000000
8423 0.333333
8436 0.000000
8449 0.000000
8481 0.000000
8525 0.166667
8542 0.000000
8589 1.000000
8599 0.250000
8646 0.000000
8722 0.000000
8729 0.000000
8734 0.000000
8799 0.000000
8802 0.000000
8814 0.000000
8849 0.000000
8857 0.500000
8888 0.000000
8919 0.000000
8925 0.000000
8996 0.500000
9010 0.000000
9043 0.000000
9056 0.000000
9082 0.250000
9103 0.000000
9123 0.250000
9157 0.000000
9173 0.000000
9190 0.000000
9205 0.000000
9214 0.000000
9228 0.000000
9230 0.000000
9235 0.000000
9257 0.000000
9285 0.000000
9305 0.000000
9320 0.000000
9329 1.000000
9332 1.000000
9370 0.000000
9420 0.000000
9439 0.000000
9451 0.000000
9467 0.000000
9473 0.000000
9485 0.000000
9486 0.000000
9511 0.000000
9567 0.000000
9593 0.000000
9615 0.000000
9791 0.000000
9795 1.000000
9809 0.000000
9882 0.000000
9958 0.000000
9976 0.000000
9987 0.000000
10030 0.000000
10056 0.333333
10098 0.000000
10119 0.250000
10145 0.500000
10186 0.250000
10199 0.000000
10248 0.000000
10258 0.000000
10278 0.000000
10286 0.333333
10304 1.000000
10310 0.000000
10357 0.000000
10360 0.000000
10392 0.000000
10480 0.200000
10485 0.000000
10493 0.000000
10497 0.000000
10504 0.000000
10553 0.500000
10607 0.000000
10619 0.000000
10622 0.250000
10695 0.000000
10731 0.000000
10790 0.000000
10820 1.000000
10821 0.000000
10833 0.000000
10850 0.500000
10856 0.000000
10878 0.000000
10947 0.000000
10949 0.250000
10965 0.000000
10973 0.000000
10995 0.000000
11024 0.000000
11049 0.000000
11054 0.250000
11109 0.000000
11111 0.000000
11213 0.000000
11270 1.000000
11278 0.000000
11281 0.000000
11302 0.000000
11331 0.000000
11333 0.000000
11363 0.000000
11391 0.000000
11416 0.000000
11455 0.000000
11470 0.000000
11511 1.000000
11513 0.250000
11534 0.000000
11543 0.000000
11628 0.000000
11632 0.000000
11637 0.000000
11678 0.000000
11693 0.000000
11714 0.000000
11722 1.000000
11852 0.000000
11863 1.000000
11875 0.000000
11897 0.000000
11914 0.000000
11930 0.000000
11951 0.250000
11954 0.000000
11956 0.000000
11976 0.000000
11987 0.000000
12047 0.000000
12106 0.000000
12159 0.000000
12210 0.000000
12233 0.000000
12321 0.000000
12345 0.000000
12365 0.000000
12372 0.000000
12428 0.000000
12435 0.000000
12445 0.500000
12472 0.000000
12495 0.000000
12510 0.000000
12511 0.000000
12522 0.562500
12532 0.000000
12573 0.000000
12592 0.000000
12609 0.000000
12615 0.000000
12656 0.000000
12657 0.000000
12704 0.750000
12710 0.000000
12783 0.000000
12828 0.000000
12856 0.000000
12881 0.000000
12894 0.166667
12937 0.000000
12972 0.750000
12994 0.000000
13008 0.000000
13082 0.000000
13212 0.000000
13230 0.000000
13263 0.000000
13273 0.000000
13308 0.000000
13367 0.000000
13370 0.000000
13381 0.000000
13407 0.000000
13447 0.000000
13452 0.000000
13478 0.000000
13550 0.000000
13566 0.000000
13573 0.000000
13595 0.000000
13612 0.000000
13617 0.000000
13701 0.000000
13744 0.000000
13777 0.000000
13802 0.000000
13899 0.000000
13900 0.000000
13905 0.000000
13961 0.000000
14007 0.000000
14011 0.000000
14093 0.166667
14095 0.000000
14113 0.000000
14179 0.000000
14212 0.250000
14250 0.250000
14254 0.000000
14315 0.000000
14349 0.000000
14373 0.000000
14385 0.000000
14406 0.000000
14446 0.000000
14481 0.000000
14570 0.000000
14584 0.000000
14618 0.000000
14645 0.000000
14664 0.000000
14683 1.000000
14710 0.000000
14771 0.250000
14781 0.000000
14821 0.000000
14839 0.250000
14846 0.500000
14856 0.000000
14893 0.500000
14909 0.000000
14910 0.000000
14914 0.000000
14917 0.000000
14922 1.000000
14929 0.000000
14949 0.000000
15029 0.000000
15113 0.000000
15117 1.000000
15121 0.555556
15127 0.000000
15151 0.000000
15152 0.000000
15164 0.000000
15197 0.000000
15249 0.000000
15280 0.000000
15287 0.000000
15289 0.000000
15420 0.000000
15431 0.000000
15471 0.000000
15482 0.000000
15498 0.000000
15505 0.000000
15568 0.000000
15569 0.000000
15629 0.000000
15671 0.500000
15681 1.000000
15694 0.000000
15700 0.333333
15714 0.000000
15715 0.000000
15732 0.000000
15759 0.000000
15780 0.250000
15831 0.000000
15844 0.000000
15868 0.000000
15921 0.000000
15922 0.000000
15959 0.000000
15969 0.000000
15971 0.062500
15973 0.000000
15975 0.000000
15996 0.000000
15997 0.000000
16004 1.000000
16036 0.000000
16077 0.000000
16118 0.000000
16141 0.000000
16189 0.000000
16207 0.000000
16233 0.000000
16272 0.000000
16277 1.000000
16326 0.000000
16329 0.000000
16342 0.000000
16365 0.000000
16386 0.000000
16389 0.000000
16450 0.250000
16491 0.000000
16505 0.000000
16514 0.000000
16532 0.000000
16542 0.000000
16579 0.000000
16603 0.000000
16608 0.000000
16660 0.000000
16664 0.000000
16665 0.000000
16677 0.000000
16688 0.000000
16699 0.000000
16713 0.000000
16736 0.000000
16758 0.000000
16778 0.000000
16814 0.000000
16820 0.000000
16826 0.000000
16851 0.000000
16897 0.000000
16921 0.000000
16957 0.000000
17087 0.000000
17113 0.000000
17187 0.000000
17192 0.000000
17224 0.000000
17235 0.000000
17242 0.000000
17246 0.000000
17263 0.000000
17282 0.000000
17341 0.000000
17351 0.000000
17361 0.000000
17373 0.000000
17387 0.000000
17518 0.000000
17574 0.000000
17578 1.000000
17611 0.000000
17643 0.000000
17667 0.000000
17669 0.000000
17695 0.500000
17735 0.000000
17785 0.000000
17792 0.000000
17794 0.000000
17804 0.000000
17881 0.000000
17893 0.000000
17911 0.000000
17917 0.000000
17920 0.000000
17948 0.000000
17954 0.500000
17958 0.000000
17987 0.000000
18024 0.000000
18082 0.750000
18085 0.000000
18113 0.000000
18121 0.000000
18137 0.000000
18185 0.000000
18236 0.000000
18258 0.000000
18280 0.000000
18316 0.000000
18331 0.000000
18336 0.000000
18342 0.000000
18412 0.000000
18453 0.000000
18484 0.000000
18508 0.000000
18513 0.000000
18516 0.000000
18537 0.000000
18543 0.000000
18577 0.000000
18619 0.000000
18633 0.000000
18682 0.000000
18688 0.000000
18689 0.000000
18695 0.000000
18718 0.000000
18741 0.000000
18816 0.000000
18862 0.000000
18896 0.000000
18913 0.000000
18925 0.000000
18962 0.000000
18977 0.000000
18979 1.000000
18980 0.000000
18990 0.000000
19011 0.000000
19045 0.000000
19073 0.000000
19151 0.000000
19154 0.000000
19165 0.000000
19248 0.000000
19263 0.000000
19268 0.000000
19269 0.000000
19326 0.000000
19346 0.000000
19352 0.000000
19429 1.000000
19434 0.000000
19471 0.000000
19494 0.000000
19501 0.000000
19528 0.000000
19577 0.000000
19605 0.000000
19614 0.000000
19670 0.000000
19716 0.000000
19768 0.000000
19777 0.000000
19794 0.000000
19812 0.000000
19824 0.000000
19845 0.000000
19853 0.000000
19962 0.000000
19991 0.000000
20010 0.000000
20012 0.000000
20090 0.000000
20106 0.000000
20134 0.000000
20189 0.000000
20238 0.000000
20245 0.500000
20402 0.000000
20406 0.000000
20449 0.000000
20452 0.000000
20484 0.000000
20494 0.000000
20507 0.000000
20543 0.000000
20548 0.000000
20589 0.000000
20647 0.000000
20657 0.000000
20703 0.000000
20707 0.000000
20833 0.000000
20860 0.000000
20862 0.000000
20876 0.000000
20919 0.250000
20922 0.000000
20937 0.000000
20940 0.000000
20954 0.000000
20958 0.000000
20996 0.000000
21083 0.000000
21086 0.000000
21087 0.000000
21160 0.000000
21162 0.000000
21207 0.000000
21226 0.000000
21260 0.000000
21347 0.000000
21388 0.000000
21393 0.000000
21415 0.000000
21476 0.000000
21478 0.000000
21483 0.000000
21512 0.000000
21514 1.000000
21546 0.000000
21550 0.000000
21554 0.000000
21616 0.000000
21618 0.000000
21625 0.000000
21644 0.000000
21660 0.000000
21671 0.000000
21678 0.000000
21684 0.000000
21688 1.000000
21691 0.000000
21724 0.750000
21728 0.000000
21753 0.000000
21798 0.000000
21800 0.000000
21849 0.000000
21850 0.000000
21894 0.000000
21972 0.000000
22043 0.000000
22044 0.000000
22055 0.000000
22089 0.000000
22101 0.000000
22119 0.000000
22135 0.000000
22144 1.000000
22149 1.000000
22265 0.000000
22316 0.000000
22368 0.000000
22479 0.000000
22505 0.000000
22613 0.000000
22620 0.000000
22649 0.000000
22691 0.000000
22789 0.000000
22803 0.000000
22853 0.000000
22861 0.000000
22895 0.000000
22897 1.000000
22909 0.000000
22930 1.000000
23030 0.000000
23044 0.000000
23048 0.000000
23081 0.000000
23136 0.000000
23157 0.000000
23169 0.785714
23174 0.000000
23272 0.083333
23280 0.000000
23333 0.000000
23338 0.000000
23368 0.000000
23394 0.000000
23414 0.000000
23461 0.000000
23472 0.000000
23511 1.000000
23547 0.000000
23555 0.000000
23563 0.000000
23572 0.000000
23589 0.000000
23594 0.000000
23606 0.000000
23689 0.000000
23692 0.000000
23713 0.000000
23720 0.000000
23726 0.000000
23730 0.333333
23738 0.000000
23773 0.000000
23835 0.000000
23861 0.000000
23872 0.000000
23885 0.083333
23972 0.000000
24033 0.000000
24051 0.000000
24072 0.000000
24075 0.000000
24104 0.000000
24114 0.000000
24137 0.000000
24150 0.000000
24168 0.000000
24231 0.000000
24247 0.000000
24313 0.000000
24337 0.000000
24338 0.000000
24343 0.000000
24356 0.250000
24364 0.000000
24462 0.000000
24485 0.000000
24496 0.000000
24587 0.000000
24624 0.000000
24740 0.375000
24750 1.000000
24774 0.000000
24781 0.000000
24803 0.000000
24812 0.000000
24814 1.000000
24825 0.500000
24833 0.000000
24848 0.000000
24855 0.000000
24863 0.000000
24869 0.062500
24909 0.000000
24926 0.000000
24930 0.000000
24962 0.000000
24996 0.250000
25022 0.000000
25050 0.000000
25073 0.000000
25135 0.000000
25148 0.000000
25168 0.000000
25178 0.250000
25196 0.000000
25225 0.000000
25255 0.000000
25266 0.000000
25279 0.000000
25410 0.000000
25418 0.000000
25442 0.000000
25507 1.000000
25529 0.000000
25544 0.000000
25561 0.000000
25630 0.000000
25632 1.000000
25679 0.000000
25699 0.000000
25705 0.000000
25718 0.000000
25745 0.000000
25756 0.000000
25784 0.000000
25825 0.000000
25827 0.000000
25836 0.000000
25880 0.000000
25924 0.000000
25926 0.000000
25938 0.000000
25993 0.000000
26028 0.000000
26069 0.000000
26110 0.833333
26113 0.000000
26150 0.000000
26161 0.000000
26163 0.000000
26217 0.000000
26257 0.000000
26389 0.000000
26447 0.000000
26449 0.000000
26650 0.000000
26664 0.250000
26679 1.000000
26719 0.000000
26736 0.000000
26744 0.000000
26749 0.250000
26775 0.250000
26798 0.000000
26834 0.000000
26836 0.000000
26854 0.000000
26912 0.000000
26997 0.000000
27014 0.000000
27047 0.166667
27189 0.000000
27235 0.000000
27248 0.000000
27258 0.000000
27346 0.000000
27347 0.500000
27375 0.000000
27381 0.000000
27402 0.000000
27422 0.000000
27453 0.875000
27484 0.250000
27539 0.000000
27540 0.250000
27571 0.000000
27628 0.000000
27671 0.000000
27681 0.000000
27684 0.000000
27710 0.000000
27767 0.250000
27828 0.083333
27856 0.250000
27869 0.000000
27874 0.000000
27921 0.000000
27935 0.000000
27950 0.000000
27956 0.000000
27966 0.000000
27987 0.000000
27998 0.000000
28046 0.000000
28053 0.000000
28064 0.000000
28073 0.000000
28129 1.000000
28145 0.000000
28158 0.000000
28213 0.000000
28215 0.000000
28223 0.000000
28267 0.000000
28270 0.500000
28292 0.000000
28320 0.000000
28328 0.000000
28329 0.250000
28414 0.000000
28422 0.000000
28441 1.000000
28513 0.000000
28553 0.000000
28568 0.000000
28624 0.250000
28634 0.000000
28636 0.000000
28651 0.000000
28671 0.000000
28676 0.000000
28681 0.000000
28709 0.000000
28736 0.000000
28741 0.000000
28790 0.000000
28804 0.500000
28830 0.000000
28836 0.000000
28853 1.000000
28859 0.000000
28884 0.000000
28903 0.000000
28923 0.000000
28984 0.000000
28991 0.000000
28994 0.000000
28997 0.000000
29013 0.000000
29033 0.000000
29054 0.000000
29097 0.000000
29132 0.000000
29136 0.000000
29172 0.250000
29175 0.000000
29180 0.000000
29190 0.000000
29198 0.000000
29205 0.000000
29281 0.000000
29284 0.000000
29287 0.000000
29302 0.000000
29328 0.000000
29356 0.000000
29392 0.000000
29395 0.000000
29444 0.000000
29463 0.000000
29494 0.000000
29570 0.000000
29628 0.000000
29639 0.000000
29649 0.000000
29670 0.250000
29695 0.000000
29697 0.000000
29756 0.000000
29789 0.000000
29887 0.000000
29903 0.000000
29937 0.000000
29983 0.000000
30032 0.000000
30077 0.000000
30099 0.000000
30115 0.000000
30129 0.000000
30208 0.000000
30222 0.750000
30242 0.000000
30269 0.000000
30280 0.000000
30300 0.000000
30327 0.000000
30458 0.000000
30554 0.000000
30645 0.500000
30657 0.000000
30677 0.000000
30681 0.000000
30746 0.000000
30768 0.000000
30769 0.000000
30814 0.000000
30827 0.000000
30889 0.000000
30894 0.500000
30913 0.000000
30959 1.000000
30999 0.000000
31022 0.000000
31049 0.000000
31050 0.250000
31065 0.000000
31078 0.000000
31082 0.000000
31105 1.000000
31136 0.000000
31145 1.000000
31171 0.250000
31237 0.000000
31248 0.000000
31282 0.000000
31303 0.000000
31357 0.000000
31404 0.250000
31455 0.000000
31480 0.000000
31498 0.000000
31634 0.000000
31660 0.000000
31663 0.000000
31673 0.083333
31678 0.000000
31704 0.000000
31717 0.000000
31763 0.000000
31781 0.000000
31791 0.000000
31804 0.500000
31866 0.000000
31893 0.500000
31909 0.000000
31913 0.000000
31959 0.000000
32037 0.000000
32143 0.000000
32153 0.000000
32175 0.000000
32189 0.000000
32212 0.000000
32220 0.000000
32233 0.000000
32238 0.000000
32245 0.000000
32259 0.000000
32276 0.000000
32347 0.000000
32361 0.000000
32380 0.000000
32409 0.000000
32452 0.000000
32459 0.000000
32478 0.000000
32480 0.000000
32596 0.000000
32725 0.000000
32741 0.000000
32775 0.000000
32776 0.000000
32780 0.000000
32802 0.000000
32805 0.000000
32866 0.000000
33056 0.000000
33072 0.000000
33119 0.000000
33217 0.000000
33221 0.000000
33228 0.000000
33230 0.000000
33241 0.000000
33246 0.000000
33295 0.000000
33296 0.000000
33316 0.000000
33346 0.000000
33439 0.000000
33488 0.125000
33491 0.000000
33508 0.000000
33533 0.000000
33540 0.000000
33595 0.000000
33649 0.000000
33682 0.000000
33765 0.000000
33812 0.000000
33817 0.000000
33859 0.000000
33873 0.000000
33895 0.000000
33979 0.000000
34016 1.000000
34036 0.000000
34065 0.000000
34073 0.000000
34093 0.000000
34105 0.000000
34116 0.000000
34141 0.000000
34185 0.000000
34212 0.000000
34331 0.000000
34345 0.000000
34348 0.300000
34383 0.000000
34400 0.000000
34465 0.200000
34475 0.000000
34476 0.000000
34618 0.000000
34630 0.000000
34652 0.000000
34777 0.000000
34786 0.000000
34797 0.000000
34845 0.250000
34850 0.000000
34854 0.000000
34865 0.250000
34871 0.000000
34901 0.000000
34912 0.000000
34941 0.000000
34965 1.000000
34966 0.000000
35007 0.000000
35018 0.000000
35066 0.750000
35088 0.000000
35127 0.000000
35134 0.000000
35169 0.250000
35190 0.000000
35197 0.166667
35225 0.000000
35300 0.000000
35304 0.000000
35308 0.000000
35309 0.000000
35320 0.000000
35329 0.000000
35357 0.000000
35402 1.000000
35456 0.000000
35458 0.000000
35459 0.000000
35470 0.000000
35481 0.000000
35515 0.000000
35585 0.000000
35636 0.000000
35637 0.000000
35640 0.500000
35667 0.000000
35735 0.000000
35782 0.000000
35783 0.000000
35830 0.000000
35845 0.000000
35858 0.000000
35860 0.000000
35875 0.000000
35879 0.000000
35896 0.000000
35924 0.000000
35960 0.000000
35974 0.000000
35977 0.000000
36009 0.000000
36036 0.000000
36101 0.000000
36120 0.000000
36125 0.000000
36127 0.000000
36154 0.000000
36174 0.250000
36208 0.000000
36235 0.000000
36246 0.000000
36267 0.000000
36278 0.000000
36282 0.000000
36289 0.000000
36332 0.000000
36354 0.000000
36373 0.277778
36419 0.000000
36427 0.000000
36432 0.000000
36459 0.000000
36518 0.500000
36574 0.000000
36575 0.000000
36597 0.000000
36614 0.000000
36640 0.000000
36684 0.000000
36686 0.000000
36735 1.000000
36746 1.000000
36760 0.166667
36773 0.000000
36915 0.250000
36921 0.000000
36934 0.500000
36937 1.000000
36943 0.000000
36996 0.000000
37011 0.000000
37082 0.000000
37091 0.000000
37125 0.000000
37147 0.000000
37184 0.000000
37194 0.000000
37195 0.000000
37245 0.000000
37261 0.750000
37282 0.714286
37325 0.000000
37334 0.100000
37382 0.000000
37401 0.000000
37450 0.000000
37454 0.000000
37503 0.000000
37504 0.000000
37526 0.000000
37539 0.000000
37599 0.000000
37616 0.000000
37638 0.000000
37654 0.000000
37664 0.000000
37665 0.000000
37679 0.000000
37713 0.300000
37724 0.000000
37753 0.000000
37769 0.000000
37773 0.000000
37815 0.000000
37836 0.000000
37848 0.000000
37850 0.000000
37856 0.000000
37873 0.000000
37998 0.000000
38009 0.000000
38010 0.000000
38034 0.250000
38057 0.000000
38097 0.000000
38138 0.000000
38157 0.000000
38160 0.000000
38180 0.000000
38187 0.000000
38201 1.000000
38221 0.000000
38226 0.000000
38233 0.000000
38237 0.000000
38294 0.000000
38312 0.000000
38486 0.000000
38532 0.000000
38571 0.250000
38608 0.250000
38625 0.000000
38645 0.000000
38662 0.000000
38682 0.000000
38733 0.000000
38774 0.333333
38821 0.000000
38835 0.000000
38886 0.000000
38903 0.000000
38985 0.000000
38989 0.000000
38998 0.000000
39024 0.000000
39087 0.000000
39111 0.000000
39124 0.000000
39151 0.000000
39157 0.000000
39159 0.000000
39162 0.000000
39167 0.000000
39203 0.000000
39217 0.000000
39264 0.000000
39317 0.250000
39365 0.000000
39425 0.000000
39427 0.000000
39465 0.000000
39485 0.000000
39522 0.000000
39530 0.000000
39538 0.500000
39552 0.000000
39554 0.000000
39558 0.000000
39575 0.000000
39593 0.000000
39606 0.750000
39611 0.000000
39679 0.000000
39767 0.000000
39773 0.000000
39798 0.000000
39809 0.000000
39879 0.000000
39906 1.000000
39941 0.000000
39981 0.750000
40031 1.000000
40032 0.000000
40034 0.000000
40044 0.000000
40089 0.000000
40216 0.000000
40220 0.000000
40228 0.000000
40236 0.000000
40260 0.000000
40297 0.000000
40313 0.000000
40315 0.000000
40331 0.000000
40335 0.000000
40345 0.000000
40370 0.250000
40378 0.000000
40398 0.000000
40420 0.000000
40432 0.000000
40520 0.000000
40553 0.000000
40557 0.000000
40580 0.000000
40582 0.000000
40583 0.000000
40634 0.000000
40639 0.000000
40668 1.000000
40675 0.250000
40715 0.000000
40716 0.000000
40763 0.000000
40772 0.000000
40871 0.500000
40875 0.000000
40876 0.000000
40902 0.000000
40908 0.000000
40953 0.000000
41157 1.000000
41194 0.000000
41247 0.000000
41261 0.000000
41299 0.000000
41312 1.000000
41382 0.000000
41387 0.000000
41404 0.000000
41413 0.000000
41507 0.000000
41509 0.900000
41714 0.166667
41718 0.000000
41756 0.250000
41777 0.000000
41834 0.500000
41836 0.000000
41885 0.000000
41894 1.000000
41940 0.000000
41947 1.000000
41994 0.000000
42001 0.000000
42027 0.000000
42044 0.000000
42047 0.000000
42055 0.000000
42084 1.000000
42110 1.000000
42183 0.000000
42233 0.000000
42245 0.000000
42254 0.250000
42264 0.000000
42275 0.000000
42344 0.000000
42422 0.000000
42428 1.000000
42464 0.000000
42530 0.750000
42539 0.000000
42541 0.000000
42549 0.000000
42565 0.500000
42590 0.000000
42595 0.200000
42603 0.000000
42614 0.000000
42616 0.000000
42617 0.000000
42622 0.000000
42644 0.000000
42645 0.000000
42668 0.500000
42716 0.000000
42743 0.000000
42747 0.000000
42748 0.000000
42806 0.750000
42809 0.000000
42813 0.000000
42814 0.000000
42816 0.000000
42843 0.000000
42918 0.000000
42938 0.000000
42957 0.000000
42963 0.000000
43115 0.000000
43129 0.000000
43136 0.000000
43235 0.000000
43238 0.000000
43242 0.000000
43246 0.000000
43263 1.000000
43270 0.250000
43272 0.000000
43298 0.000000
43314 0.000000
43350 0.000000
43363 0.000000
43385 0.000000
43396 0.000000
43398 0.500000
43421 0.000000
43445 0.000000
43447 0.000000
43452 0.500000
43482 0.000000
43505 0.000000
43526 0.666667
43593 0.000000
43595 0.000000
43710 0.000000
43713 0.000000
43732 0.250000
43746 0.000000
43756 0.000000
43765 0.000000
43766 1.000000
43808 0.000000
43834 0.000000
43837 0.000000
43843 1.000000
43960 0.000000
44054 0.000000
44063 0.000000
44067 0.000000
44077 0.000000
44102 0.000000
44110 0.000000
44122 0.000000
44211 0.000000
44221 0.000000
44253 0.000000
44338 0.000000
44370 0.000000
44373 0.000000
44385 0.000000
44386 0.000000
44422 0.000000
44424 0.000000
44541 0.000000
44562 0.250000
44613 0.000000
44615 0.000000
44628 0.000000
44718 0.500000
44720 0.000000
44727 0.000000
44733 0.000000
44758 0.000000
44848 0.000000
44855 0.500000
44878 0.000000
44894 0.700000
44906 1.000000
44907 0.000000
44916 1.000000
44923 0.000000
44931 0.000000
44944 0.000000
44965 0.000000
44980 0.000000
45001 0.000000
45010 0.000000
45085 0.000000
45108 0.000000
45165 0.000000
45171 1.000000
45204 0.333333
45217 0.000000
45228 0.000000
45245 0.000000
45257 0.000000
45332 0.000000
45372 0.125000
45404 0.000000
45405 0.000000
45439 0.000000
45461 0.250000
45516 0.000000
45517 0.000000
45553 0.000000
45593 0.000000
45605 0.000000
45632 0.000000
45644 0.000000
45715 0.000000
45727 0.000000
45734 0.000000
45737 0.000000
45868 0.000000
45889 0.000000
45913 1.000000
45953 0.000000
45977 0.000000
46017 0.000000
46052 0.000000
46071 0.000000
46087 0.000000
46101 0.000000
46111 0.000000
46169 0.000000
46205 0.000000
46224 0.000000
46271 0.500000
46283 0.400000
46292 0.750000
46304 1.000000
46359 0.000000
46366 0.750000
46394 0.000000
46403 0.000000
46417 0.500000
46452 0.000000
46521 0.000000
46523 0.000000
46555 0.000000
46666 0.000000
46670 0.000000
46737 0.000000
46741 0.000000
46743 0.000000
46744 0.000000
46774 0.000000
46876 0.083333
46878 0.000000
46900 0.000000
46967 0.333333
46990 0.000000
47024 0.000000
47052 0.000000
47096 0.000000
47150 0.000000
47184 0.400000
47194 0.000000
47197 0.000000
47249 0.000000
47277 0.000000
47301 0.000000
47305 0.000000
47343 0.000000
47347 0.000000
47356 0.250000
47381 1.000000
47389 0.000000
47412 0.000000
47424 0.000000
47481 0.000000
47493 0.000000
47509 0.000000
47542 0.000000
47550 0.000000
47590 0.000000
47597 0.000000
47626 0.000000
47628 0.000000
47736 0.000000
47791 0.000000
47797 0.000000
47811 0.000000
47841 0.000000
47856 0.000000
47859 0.000000
47906 0.200000
47907 0.000000
47914 0.000000
47979 0.000000
48006 0.000000
48023 0.000000
48060 0.000000
48086 1.000000
48114 0.000000
48121 0.000000
48139 0.000000
48147 0.000000
48197 0.000000
48226 0.000000
48230 0.000000
48243 0.000000
48253 0.000000
48264 0.000000
48278 0.000000
48315 0.000000
48362 0.000000
48378 0.000000
48490 0.000000
48573 1.000000
48588 0.000000
48594 1.000000
48606 0.000000
48610 0.000000
48624 0.000000
48627 0.000000
48637 0.000000
48687 0.000000
48695 0.000000
48755 0.000000
48818 0.000000
48831 0.750000
48841 0.333333
48842 0.583333
48892 0.000000
48915 0.083333
48928 0.000000
48970 0.000000
48992 0.000000
49022 0.000000
49060 0.000000
49074 0.000000
49162 0.000000
49196 0.000000
49240 0.500000
49248 0.000000
49254 0.000000
49269 0.000000
49301 0.250000
49310 0.000000
49331 0.000000
49381 0.000000
49383 0.000000
49430 0.000000
49455 0.000000
49602 0.000000
49759 0.333333
49796 0.000000
49806 0.000000
49824 0.000000
49828 0.000000
49833 0.000000
49872 0.000000
49876 0.000000
49886 1.000000
49916 0.000000
49929 0.000000
49949 0.000000
49972 0.700000
49978 0.000000
49986 1.000000
49996 0.000000
50012 0.000000
50035 0.000000
50040 0.000000
50066 0.000000
50095 0.500000
50158 0.000000
50187 0.000000
50288 0.000000
50289 0.166667
50290 0.000000
50297 0.000000
50311 0.000000
50372 0.000000
50384 0.000000
50474 0.000000
50496 0.000000
50527 0.000000
50536 0.000000
50596 0.000000
50620 0.000000
50623 0.000000
50642 0.000000
50645 0.000000
50671 0.000000
50717 1.000000
50755 0.000000
50776 0.166667
50790 0.333333
50841 0.000000
50890 0.000000
50901 0.500000
50918 0.000000
50931 0.000000
50945 0.000000
50954 0.000000
50959 1.000000
50988 0.000000
50996 0.000000
50998 0.000000
51009 0.000000
51018 0.000000
51045 1.000000
51050 0.000000
51054 0.000000
51129 0.000000
51138 0.000000
51155 0.000000
51162 0.750000
51208 0.000000
51216 0.000000
51244 0.000000
51364 0.400000
51366 0.000000
51376 0.000000
51378 0.000000
51382 0.000000
51386 0.000000
51438 0.000000
51454 0.000000
51552 0.250000
51571 0.000000
51599 0.000000
51611 0.000000
51615 1.000000
51645 0.000000
51675 0.000000
51690 0.000000
51708 0.000000
51711 0.000000
51762 0.000000
51793 0.000000
51839 0.000000
51841 0.000000
51842 0.000000
51877 0.000000
51890 0.000000
51906 0.000000
51922 0.750000
51934 0.000000
51960 0.000000
51962 0.000000
52013 0.000000
52022 0.000000
52073 0.000000
52117 0.000000
52125 0.000000
52126 0.000000
52131 0.000000
52139 0.000000
52240 0.000000
52243 0.000000
52248 0.000000
52263 0.000000
52316 0.000000
52349 0.000000
52352 0.000000
52402 0.000000
52414 0.000000
52466 0.000000
52467 0.000000
52491 0.000000
52498 0.000000
52550 0.000000
52561 0.000000
52612 0.000000
52625 0.000000
52663 0.000000
52673 0.000000
52701 0.000000
52705 0.000000
52779 0.000000
52789 0.000000
52820 0.000000
52861 0.000000
52914 0.500000
52961 0.000000
52967 0.000000
52995 0.000000
53009 0.000000
53036 0.000000
53056 0.000000
53131 0.000000
53140 0.000000
53153 0.250000
53154 0.750000
53156 0.500000
53167 0.000000
53170 0.000000
53183 0.000000
53192 0.000000
53248 0.000000
53261 0.000000
53302 0.000000
53312 0.000000
53366 0.000000
53386 0.000000
53398 0.000000
53406 0.000000
53448 0.000000
53451 0.000000
53462 0.000000
53492 0.000000
53495 0.000000
53503 0.000000
53515 0.000000
53543 0.000000
53588 0.000000
53608 0.000000
53609 0.714286
53611 0.000000
53615 0.000000
53616 0.000000
53650 0.000000
53758 0.250000
53787 0.000000
53808 0.000000
53840 0.000000
53886 0.000000
53928 0.000000
54025 0.000000
54087 0.000000
54105 1.000000
54112 0.000000
54114 0.000000
54196 0.000000
54201 0.750000
54256 0.666667
54297 0.000000
54309 0.000000
54350 0.000000
54359 0.000000
54372 0.000000
54388 0.000000
54406 0.000000
54417 0.000000
54436 0.000000
54475 0.000000
54509 0.000000
54510 0.000000
54540 0.000000
54622 0.000000
54623 0.000000
54625 1.000000
54634 0.000000
54640 0.250000
54646 0.000000
54654 0.000000
54660 0.000000
54689 0.000000
54714 0.000000
54729 0.000000
54737 0.000000
54769 0.000000
54777 0.000000
54789 0.000000
54794 0.000000
54798 0.500000
54816 0.000000
54889 0.000000
54892 0.000000
54904 0.000000
54950 0.000000
54953 0.000000
54966 0.000000
55004 0.000000
55014 0.000000
55024 0.000000
55026 0.000000
55063 0.000000
55067 0.000000
55073 0.000000
55113 0.000000
55128 0.000000
55163 0.000000
55169 0.000000
55208 0.000000
55224 0.000000
55304 0.000000
55330 0.000000
55422 0.000000
55431 0.000000
55441 1.000000
55466 0.000000
55471 0.000000
55503 0.000000
55506 0.000000
55530 0.000000
55594 0.000000
55607 0.000000
55614 0.000000
55616 0.000000
55618 0.000000
55622 0.000000
55632 0.000000
55685 0.000000
55697 0.000000
55706 0.000000
55716 0.000000
55726 0.500000
55760 0.000000
55781 0.000000
55785 0.000000
55796 0.000000
55817 0.000000
55832 0.000000
55853 0.250000
55867 0.000000
55872 0.000000
55876 0.250000
55888 0.000000
55921 0.000000
55936 0.000000
55951 1.000000
55977 0.000000
55997 0.000000
56017 0.000000
56036 0.000000
56088 0.000000
56095 0.000000
56103 0.000000
56111 0.000000
56133 0.000000
56207 0.000000
56222 0.000000
56226 0.000000
56277 0.000000
56291 0.000000
56300 0.000000
56304 0.000000
56343 0.000000
56362 0.000000
56390 0.000000
56398 0.142857
56407 0.000000
56437 0.000000
56465 0.000000
56476 1.000000
56502 0.000000
56505 0.000000
56524 0.000000
56554 0.000000
56608 0.000000
56639 0.000000
56652 0.000000
56665 0.000000
56673 0.000000
56712 0.000000
56730 0.000000
56748 0.000000
56776 0.000000
56939 0.000000
56948 0.000000
56952 1.000000
57002 0.000000
57065 0.000000
57087 0.000000
57149 0.000000
57156 0.000000
57170 0.000000
57202 0.000000
57241 0.250000
57311 0.000000
57312 0.000000
57330 0.000000
57337 0.000000
57345 0.000000
57357 0.000000
57432 0.000000
57522 0.000000
57610 0.000000
57641 0.000000
57664 0.000000
57731 0.000000
57785 1.000000
57830 0.000000
57900 0.000000
57934 0.000000
57994 0.000000
58025 0.000000
58068 0.000000
58091 0.000000
58157 0.000000
58186 0.000000
58224 0.250000
58245 0.000000
58266 0.000000
58276 0.000000
58320 0.000000
58323 0.000000
58354 0.000000
58400 0.000000
58405 0.000000
58443 0.000000
58450 0.000000
58554 0.000000
58625 0.000000
58627 0.000000
58698 0.000000
58716 0.000000
58725 0.500000
58773 0.000000
58778 0.250000
58790 1.000000
58791 0.000000
58799 0.000000
58862 0.000000
58906 0.000000
58925 0.000000
58948 0.000000
59001 0.000000
59024 0.000000
59034 0.000000
59082 0.000000
59085 0.250000
59107 0.000000
59113 0.000000
59122 0.000000
59299 0.000000
59322 0.083333
59332 0.000000
59340 0.000000
59351 0.000000
59356 0.000000
59409 0.000000
59410 0.214286
59420 0.500000
59424 0.000000
59452 0.000000
59513 0.500000
59528 0.000000
59589 0.000000
59594 0.000000
59601 0.750000
59603 0.000000
59613 0.250000
59669 0.000000
59701 0.000000
59735 0.000000
59746 0.000000
59755 0.000000
59758 0.000000
59775 0.000000
59782 0.000000
59789 0.000000
59824 0.000000
59828 0.000000
59851 0.000000
59865 0.375000
59912 0.000000
59950 0.000000
59968 0.833333
59999 0.000000
60069 0.000000
60071 0.000000
60079 0.000000
60113 0.000000
60141 0.000000
60157 0.000000
60191 0.000000
60193 0.000000
60197 0.000000
60222 0.000000
60276 0.000000
60318 0.000000
60342 0.000000
60349 0.000000
60367 0.000000
60386 0.000000
60396 0.000000
60399 0.000000
60413 0.000000
60416 1.000000
60441 0.000000
60461 0.000000
60480 0.000000
60524 0.000000
60611 0.250000
60619 0.000000
60624 0.000000
60629 0.000000
60636 0.000000
60695 0.000000
60721 0.000000
60756 0.000000
60771 0.000000
60786 0.000000
60793 0.000000
60837 0.000000
60854 0.000000
60870 0.000000
60871 0.000000
60872 0.250000
60887 0.000000
60911 0.000000
60946 0.000000
60966 0.000000
60970 0.000000
60995 0.000000
61002 0.000000
61030 0.000000
61033 0.000000
61038 0.000000
61063 0.250000
61176 0.000000
61219 0.000000
61233 0.000000
61246 0.000000
61277 0.000000
61297 0.000000
61323 0.000000
61352 0.000000
61355 0.000000
61368 0.000000
61400 0.000000
61466 0.000000
61522 0.000000
61601 0.000000
61605 0.000000
61635 0.000000
61675 0.000000
61683 0.250000
61732 0.000000
61748 0.000000
61754 0.500000
61776 0.000000
61834 0.000000
61838 0.000000
61852 0.000000
61868 0.000000
61936 0.000000
61954 0.000000
61963 0.000000
61970 0.000000
61979 0.000000
61991 0.000000
62099 0.000000
62118 0.000000
62245 0.000000
62246 0.000000
62303 0.000000
62433 1.000000
62437 0.000000
62470 0.000000
62483 0.000000
62535 0.000000
62562 0.000000
62575 0.000000
62580 0.000000
62612 0.000000
62613 0.000000
62679 0.000000
62685 0.000000
62782 0.000000
62838 0.000000
63060 0.000000
63102 0.000000
63132 0.250000
63163 0.000000
63185 0.000000
63194 0.000000
63309 0.000000
63314 1.000000
63343 0.000000
63344 0.000000
63381 0.000000
63499 0.000000
63520 0.000000
63534 0.000000
63544 0.000000
63564 0.000000
63626 0.000000
63699 0.000000
63733 0.000000
63734 0.000000
63743 0.000000
63745 0.000000
63771 0.000000
63869 0.500000
63877 0.000000
63891 0.250000
63914 0.000000
63928 0.000000
63963 0.000000
63991 0.214286
64018 0.000000
64032 0.000000
64038 0.000000
64066 0.000000
64081 0.000000
64090 0.187500
64095 1.000000
64109 0.000000
64110 0.000000
64131 0.000000
64194 0.000000
64198 0.000000
64244 0.000000
64245 0.000000
64328 0.000000
64335 1.000000
64359 0.000000
64360 0.000000
64372 0.000000
64376 0.000000
64382 0.000000
64418 0.000000
64430 0.000000
64494 0.000000
64498 0.000000
64508 0.000000
64534 0.000000
64537 0.000000
64619 0.000000
64629 0.000000
64640 0.833333
64679 0.000000
64689 0.500000
64697 0.000000
64709 0.000000
64723 0.000000
64739 0.000000
64751 1.000000
64822 0.000000
64828 0.000000
64831 0.000000
64868 0.000000
64895 0.000000
64900 0.000000
64953 1.000000
64963 0.000000
64978 0.000000
65013 0.000000
65083 0.000000
65096 0.500000
65122 0.000000
65125 0.000000
65147 0.000000
65173 0.000000
65212 0.000000
65241 0.000000
65244 0.000000
65263 0.500000
65279 0.300000
65284 0.000000
65320 0.000000
65321 0.000000
65359 0.000000
65446 0.000000
65507 0.000000
65518 0.000000
65540 0.000000
65565 0.000000
65581 0.000000
65599 0.000000
65640 0.250000
65708 0.000000
65724 0.000000
65753 0.000000
65800 0.000000
65835 0.000000
65914 0.000000
65923 0.500000
65952 0.000000
65959 0.250000
65972 0.250000
65999 0.000000
66093 0.250000
66156 0.000000
66178 0.000000
66183 1.000000
66188 0.000000
66312 0.000000
66391 0.000000
66408 0.000000
66432 0.000000
66495 0.000000
66516 0.000000
66584 0.000000
66589 0.000000
66606 0.166667
66685 0.000000
66689 0.000000
66704 0.333333
66721 0.000000
66730 0.000000
66745 0.000000
66824 0.750000
66838 0.750000
66873 0.000000
66889 1.000000
66894 0.500000
66917 1.000000
66923 0.000000
66933 0.250000
66957 0.000000
66982 0.000000
66987 0.250000
67009 0.000000
67013 0.000000
67025 0.000000
67039 0.250000
67042 0.000000
67101 0.000000
67142 0.000000
67174 0.000000
67177 0.000000
67285 0.062500
67300 0.000000
67320 0.000000
67354 0.000000
67357 0.000000
67361 0.000000
67390 0.000000
67413 0.000000
67431 0.000000
67434 0.000000
67469 0.000000
67483 0.000000
67517 0.000000
67526 0.250000
67539 0.000000
67541 0.000000
67543 0.000000
67576 0.000000
67586 0.000000
67599 0.000000
67602 0.000000
67691 0.000000
67705 0.000000
67722 0.000000
67744 0.000000
67756 0.000000
67758 0.000000
67836 0.000000
67837 0.000000
67844 0.000000
67888 0.000000
67906 0.000000
67930 0.000000
67940 0.250000
67954 0.000000
67994 0.000000
68045 0.000000
68049 0.000000
68060 0.000000
68073 0.000000
68161 0.000000
68165 0.000000
68169 0.000000
68172 0.000000
68187 0.000000
68195 0.500000
68208 0.000000
68224 0.000000
68228 0.000000
68244 0.000000
68295 0.000000
68419 0.000000
68435 0.250000
68443 1.000000
68450 0.250000
68487 0.000000
68585 0.250000
68608 0.000000
68721 0.000000
68753 0.250000
68795 0.000000
68812 0.000000
68815 0.000000
68818 1.000000
68840 0.000000
68886 0.000000
68906 0.000000
68941 0.000000
68966 0.000000
69007 0.000000
69017 0.000000
69036 0.000000
69083 0.000000
69094 0.000000
69099 0.000000
69161 0.000000
69194 0.000000
69224 0.750000
69262 0.000000
69264 0.000000
69353 0.000000
69358 0.000000
69427 0.375000
69438 0.200000
69464 0.000000
69469 0.916667
69495 0.000000
69507 0.000000
69509 0.250000
69551 0.250000
69552 0.000000
69606 0.000000
69658 0.000000
69689 0.750000
69701 0.000000
69703 0.000000
69751 0.000000
69792 0.250000
69797 0.000000
69807 0.000000
69833 0.000000
69837 0.000000
69842 0.500000
69865 0.000000
69880 0.000000
69989 0.000000
70024 0.000000
70069 0.000000
70111 0.000000
70175 0.000000
70176 0.000000
70210 0.000000
70254 0.000000
70257 0.000000
70270 0.000000
70271 0.000000
70347 0.000000
70379 0.500000
70400 0.250000
70434 0.250000
70437 0.000000
70452 0.000000
70475 0.000000
70487 0.000000
70527 0.000000
70590 0.000000
70604 1.000000
70648 0.000000
70651 0.000000
70684 0.000000
70783 0.000000
70816 0.000000
70850 0.000000
70882 0.750000
70936 0.000000
70978 0.000000
71032 0.000000
71078 0.000000
71203 1.000000
71242 0.500000
71245 0.000000
71251 0.000000
71271 0.000000
71400 0.000000
71409 0.000000
71437 0.000000
71491 0.250000
71529 0.000000
71552 0.000000
71571 0.000000
71594 0.000000
71606 0.000000
71612 0.000000
71628 0.100000
71670 0.000000
71699 0.000000
71702 0.000000
71722 0.750000
71802 0.000000
71904 1.000000
71949 0.000000
71999 0.000000
72043 0.000000
72047 0.250000
72049 0.000000
72081 0.000000
72095 0.000000
72096 0.000000
72100 0.000000
72115 0.000000
72125 0.000000
72189 1.000000
72194 0.000000
72226 0.000000
72236 0.000000
72272 0.250000
72280 0.000000
72339 0.000000
72343 0.000000
72346 0.000000
72405 0.000000
72418 0.000000
72441 0.250000
72519 0.000000
72540 0.000000
72547 0.500000
72628 0.000000
72653 0.000000
72656 0.000000
72700 0.000000
72713 0.000000
72727 0.000000
72730 0.000000
72740 0.000000
72749 0.000000
72771 0.000000
72928 0.000000
72935 0.000000
72958 0.000000
72990 0.000000
72997 0.000000
73031 0.000000
73050 0.000000
73068 0.000000
73077 0.000000
73119 0.000000
73162 0.000000
73170 0.000000
73192 0.000000
73262 0.000000
73287 0.000000
73339 0.166667
73366 0.000000
73392 0.000000
73460 0.000000
73469 0.000000
73497 0.000000
73510 0.166667
73542 0.000000
73565 0.000000
73569 0.000000
73583 0.000000
73635 0.000000
73649 0.000000
73720 0.000000
73721 0.000000
73795 0.000000
73821 0.000000
73844 0.000000
73862 0.000000
73875 0.000000
73877 0.000000
73888 0.000000
73906 0.000000
73964 0.000000
73977 0.000000
73987 0.000000
74011 0.166667
74067 0.166667
74091 1.000000
74122 0.000000
74262 0.000000
74290 0.000000
74329 0.000000
74356 0.000000
74430 0.000000
74431 0.000000
74440 0.000000
74463 0.000000
74493 0.000000
74540 0.000000
74551 0.000000
74576 1.000000
74581 0.000000
74598 0.000000
74636 0.000000
74645 0.250000
74651 0.000000
74654 0.000000
74673 0.000000
74689 0.000000
74692 0.000000
74702 0.000000
74719 0.000000
74734 0.312500
74738 0.000000
74769 0.000000
74810 0.000000
74838 0.000000
74893 0.000000
74928 0.000000
74993 0.000000
75021 0.000000
75027 0.000000
75072 0.000000
75078 0.333333
75110 0.000000
75162 0.000000
75170 0.000000
75277 0.250000
75281 0.000000
75287 0.600000
75316 0.000000
75326 0.000000
75409 0.000000
75420 0.000000
75443 0.000000
75456 0.000000
75461 0.000000
75478 0.000000
75537 0.000000
75540 0.000000
75564 0.500000
75585 0.250000
75590 0.000000
75603 0.000000
75613 0.000000
75645 0.166667
75648 0.000000
75649 0.000000
75657 0.000000
75662 0.000000
75664 0.000000
75668 0.000000
75673 0.300000
75708 0.000000
75722 0.000000
75724 0.000000
75730 0.000000
75751 0.000000
75756 0.000000
75793 0.000000
75849 0.000000
75887 0.000000
75890 0.000000
75908 0.500000
75924 0.000000
75972 1.000000
75975 0.000000
76014 0.000000
76018 0.000000
76074 0.000000
76085 0.000000
76093 0.000000
76145 0.875000
76149 0.000000
76156 0.000000
76183 0.000000
76271 0.000000
76295 0.000000
76303 0.000000
76339 0.000000
76368 0.125000
76373 0.333333
76413 0.000000
76421 0.000000
76436 0.000000
76455 0.000000
76473 0.000000
76481 0.000000
76493 0.750000
76552 0.000000
76584 0.000000
76636 0.000000
76669 0.000000
76675 1.000000
76678 0.000000
76709 0.250000
76739 0.000000
76777 0.000000
76778 0.000000
76787 0.250000
76790 0.000000
77091 0.000000
77092 0.000000
77117 0.000000
77126 0.000000
77186 0.166667
77218 0.000000
77252 0.250000
77253 0.000000
77275 0.666667
77305 0.250000
77308 0.000000
77435 0.000000
77440 0.300000
77473 0.000000
77497 0.000000
77547 0.000000
77556 0.000000
77601 0.000000
77606 0.000000
77630 0.000000
77658 0.000000
77684 0.000000
77716 0.000000
77730 0.000000
77737 0.000000
77754 0.000000
77800 0.000000
77875 0.000000
77899 0.250000
77900 0.000000
77921 0.000000
77928 0.000000
77945 0.000000
77979 1.000000
77995 0.000000
78026 0.000000
78072 0.000000
78073 1.000000
78100 0.000000
78176 0.000000
78244 0.000000
78296 0.000000
78316 0.500000
78365 0.000000
78396 0.000000
78400 0.437500
78436 0.000000
78459 0.000000
78468 0.250000
78475 0.700000
78505 0.000000
78541 0.000000
78556 0.000000
78576 0.000000
78583 0.000000
78629 0.000000
78676 0.125000
78697 0.000000
78737 0.000000
78744 0.000000
78753 0.000000
78767 0.000000
78768 0.000000
78780 0.000000
78826 0.000000
78855 0.000000
78897 0.000000
78917 0.000000
78994 0.214286
79012 0.250000
79035 0.000000
79044 0.000000
79054 0.000000
79103 0.000000
79147 0.000000
79152 0.000000
79162 0.000000
79184 0.000000
79257 0.000000
79259 0.000000
79267 0.000000
79308 0.000000
79361 0.000000
79375 0.000000
79378 0.500000
79399 1.000000
79432 0.000000
79442 0.000000
79507 0.000000
79511 0.000000
79566 0.000000
79619 0.000000
79629 0.000000
79712 0.000000
79722 0.000000
79735 0.000000
79788 0.000000
79790 0.000000
79792 0.000000
79836 0.000000
79847 0.000000
79853 0.000000
79857 0.000000
79866 0.000000
79882 0.000000
79888 0.000000
79903 0.000000
79923 0.000000
80000 0.000000
80002 0.333333
80039 0.000000
80056 0.000000
80059 0.000000
80063 0.000000
80087 0.000000
80124 0.250000
80151 0.000000
80165 0.000000
80276 0.000000
80362 0.000000
80389 0.000000
80399 0.000000
80414 0.000000
80426 0.000000
80436 0.000000
80445 0.000000
80447 0.000000
80473 0.000000
80512 0.000000
80554 0.000000
80615 0.000000
80668 0.000000
80673 0.000000
80724 0.000000
80813 0.000000
80829 0.000000
80855 0.000000
80856 0.000000
80881 0.000000
80899 0.000000
80945 0.000000
80973 0.000000
81015 0.000000
81022 0.000000
81033 0.000000
81050 0.000000
81070 0.250000
81099 0.000000
81167 0.000000
81208 0.000000
81215 0.000000
81241 0.250000
81364 0.500000
81366 0.000000
81407 0.000000
81412 0.000000
81449 0.375000
81464 0.000000
81496 0.000000
81504 0.000000
81517 0.000000
81553 0.000000
81561 0.000000
81570 0.000000
81593 0.000000
81595 0.000000
81638 0.000000
81674 0.000000
81731 0.000000
81733 1.000000
81795 0.000000
81798 0.000000
81806 0.000000
81817 0.000000
81851 0.000000
81864 0.000000
81926 0.000000
81943 0.000000
81966 0.000000
81971 0.000000
82008 0.000000
82045 0.000000
82079 0.000000
82102 0.000000
82137 0.000000
82149 0.250000
82157 0.000000
82169 0.000000
82198 0.000000
82309 1.000000
82337 0.000000
82390 1.000000
82437 0.000000
82454 0.000000
82458 0.000000
82469 0.000000
82477 0.000000
82515 0.000000
82539 0.000000
82559 1.000000
82575 0.000000
82596 0.000000
82598 0.000000
82608 0.000000
82610 0.000000
82632 0.000000
82642 0.000000
82675 0.000000
82681 0.000000
82709 0.250000
82716 0.000000
82725 0.000000
82762 0.000000
82821 0.000000
82836 0.000000
82914 0.000000
82916 0.000000
82983 0.250000
82991 0.000000
83006 0.000000
83074 0.000000
83128 0.000000
83226 0.000000
83276 0.000000
83293 0.000000
83319 0.000000
83367 0.000000
83416 0.000000
83444 0.000000
83472 0.000000
83476 0.000000
83533 0.750000
83554 0.000000
83555 0.000000
83661 0.000000
83740 0.375000
83764 0.000000
83777 0.000000
83815 0.000000
83857 0.214286
83874 0.000000
83885 0.000000
83943 0.000000
83949 0.000000
83975 0.000000
84001 0.000000
84012 0.000000
84022 0.000000
84095 0.000000
84106 0.000000
84116 0.250000
84182 0.000000
84213 0.000000
84219 1.000000
84220 0.750000
84352 0.000000
84391 0.000000
84395 0.000000
84439 0.000000
84446 0.000000
84447 0.000000
84462 0.000000
84469 0.000000
84496 0.000000
84570 0.000000
84589 0.000000
84608 0.000000
84621 0.000000
84637 0.000000
84681 0.000000
84726 0.000000
84758 0.250000
84766 0.000000
84795 0.000000
84832 0.000000
84836 0.000000
84840 0.000000
84850 0.000000
84859 0.250000
84865 0.000000
84911 0.000000
84936 0.000000
84942 0.000000
85031 0.000000
85078 0.000000
85131 0.000000
85132 0.000000
85183 0.000000
85190 0.000000
85210 0.000000
85213 0.000000
85275 0.250000
85286 1.000000
85309 0.500000
85312 0.250000
85410 0.250000
85438 0.000000
85480 0.000000
85498 0.000000
85507 0.000000
85542 0.000000
85655 0.000000
85658 0.000000
85665 0.000000
85678 0.000000
85701 1.000000
85734 0.000000
85743 0.000000
85781 0.000000
85794 0.000000
85803 0.000000
85804 0.000000
85814 0.250000
85849 0.750000
85898 0.000000
86048 0.000000
86059 0.000000
86085 0.000000
86088 0.000000
86091 0.000000
86118 0.000000
86128 0.500000
86181 0.000000
86202 0.000000
86208 0.300000
86262 0.300000
86328 0.000000
86384 0.000000
86388 0.000000
86395 0.000000
86422 0.000000
86488 0.000000
86546 0.000000
86569 0.000000
86586 0.000000
86617 0.000000
86634 0.000000
86644 0.000000
86659 0.000000
86680 0.000000
86713 0.000000
86722 0.000000
86732 0.000000
86738 0.000000
86768 0.000000
86854 0.000000
86897 1.000000
86911 0.000000
86915 0.071429
86925 0.000000
86949 0.000000
86964 0.000000
86967 0.000000
87028 0.000000
87052 0.000000
87111 0.285714
87138 0.000000
87234 0.000000
87261 1.000000
87291 0.000000
87347 0.000000
87451 0.000000
87502 0.000000
87506 0.500000
87535 0.500000
87539 0.000000
87574 0.000000
87581 0.166667
87585 0.000000
87595 0.000000
87601 0.000000
87671 0.000000
87711 0.000000
87767 0.000000
87838 1.000000
87851 0.000000
87864 0.000000
87878 0.000000
87899 0.250000
87901 0.000000
87913 0.000000
87926 0.000000
87960 0.000000
88004 0.000000
88116 0.000000
88153 0.100000
88215 0.000000
88228 0.000000
88240 0.000000
88267 0.500000
88311 0.000000
88314 0.000000
88327 0.000000
88342 0.000000
88347 0.000000
88389 0.000000
88451 0.000000
88459 0.000000
88506 0.000000
88586 0.000000
88589 0.000000
88616 0.000000
88635 0.000000
88652 0.000000
88679 0.500000
88683 0.000000
88694 0.000000
88764 0.000000
88820 0.000000
88863 0.000000
88864 0.000000
88897 0.200000
88898 0.000000
88939 0.000000
88952 0.000000
89029 0.000000
89053 0.000000
89093 0.250000
89170 0.000000
89202 0.000000
89204 0.000000
89221 0.000000
89233 1.000000
89261 0.000000
89304 0.000000
89319 0.000000
89388 0.000000
89402 1.000000
89414 0.000000
89425 0.000000
89497 0.000000
89510 0.000000
89535 1.000000
89598 0.000000
89608 0.000000
89660 0.000000
89726 0.000000
89737 0.000000
89749 0.000000
89765 0.000000
89768 0.000000
89819 0.250000
89820 0.000000
89845 0.000000
89886 0.000000
89927 0.250000
89934 0.000000
89938 0.500000
89940 0.000000
89949 0.000000
89953 0.000000
89991 0.000000
89997 0.000000
90008 0.000000
90031 0.000000
90068 0.000000
90120 0.000000
90134 0.000000
90209 0.000000
90217 0.000000
90231 0.000000
90267 1.000000
90273 0.000000
90299 0.000000
90300 0.000000
90309 0.000000
90371 0.000000
90375 1.000000
90425 0.000000
90439 0.000000
90444 0.000000
90491 0.000000
90587 0.000000
90616 0.000000
90617 0.000000
90618 0.000000
90646 0.000000
90812 0.000000
90826 0.250000
90831 0.500000
90835 0.000000
90891 0.250000
90905 0.857143
90940 0.250000
90961 0.000000
90982 0.500000
90985 0.000000
91052 0.000000
91088 0.000000
91090 0.000000
91130 0.000000
91211 0.000000
91214 0.000000
91239 0.000000
91263 0.000000
91307 0.000000
91312 0.000000
91338 0.000000
91356 0.000000
91364 0.000000
91393 0.000000
91403 0.000000
91434 0.000000
91466 0.000000
91508 0.000000
91522 0.000000
91523 0.000000
91565 0.000000
91595 0.000000
91621 0.000000
91633 0.000000
91713 0.000000
91726 0.000000
91810 0.000000
91839 0.000000
91861 0.000000
91878 0.300000
91913 0.250000
91918 0.000000
91931 0.000000
91934 1.000000
91940 0.000000
91966 0.000000
91970 0.000000
92015 0.000000
92025 0.000000
92079 0.000000
92133 0.000000
92148 0.000000
92156 0.000000
92164 0.000000
92167 0.000000
92243 0.000000
92286 0.166667
92296 1.000000
92341 0.000000
92407 0.000000
92430 0.000000
92438 0.000000
92466 0.000000
92522 0.000000
92549 0.000000
92561 0.000000
92568 0.000000
92579 0.000000
92587 0.000000
92593 0.000000
92594 0.000000
92604 0.000000
92613 0.000000
92622 0.000000
92630 0.000000
92635 0.000000
92689 0.000000
92709 0.000000
92717 0.000000
92793 0.000000
92800 0.250000
92802 0.000000
92833 0.000000
92846 1.000000
92847 0.000000
92882 0.000000
92901 0.214286
92906 0.000000
92923 0.000000
92939 0.000000
92956 0.000000
92967 0.000000
92978 0.000000
93002 0.000000
93010 0.000000
93015 0.000000
93016 0.000000
93030 0.000000
93051 0.000000
93109 0.000000
93153 0.200000
93219 0.000000
93255 0.000000
93260 0.000000
93326 0.000000
93330 0.000000
93336 0.000000
93340 0.000000
93343 0.000000
93381 0.250000
93386 0.166667
93418 0.000000
93419 0.000000
93421 0.000000
93477 0.000000
93480 0.000000
93493 0.000000
93525 0.000000
93550 0.000000
93594 0.000000
93603 0.000000
93672 0.250000
93674 0.000000
93685 0.000000
93686 0.000000
93729 0.000000
93731 0.000000
93744 0.000000
93750 0.000000
93758 0.000000
93773 0.000000
93871 0.000000
93889 0.000000
93914 0.500000
93946 0.500000
93965 0.000000
94000 0.000000
94028 0.000000
94063 0.000000
94144 0.000000
94193 0.500000
94285 0.000000
94308 0.250000
94330 0.125000
94394 0.000000
94477 0.000000
94521 1.000000
94602 0.000000
94621 1.000000
94635 0.000000
94672 0.000000
94694 0.000000
94720 0.000000
94748 0.000000
94774 0.000000
94802 0.000000
94852 0.000000
94887 0.000000
94897 0.000000
94965 0.000000
94975 0.666667
94999 0.000000
95020 0.000000
95039 0.000000
95057 0.000000
95090 0.000000
95091 0.000000
95096 0.250000
95102 0.000000
95131 0.800000
95189 0.000000
95244 0.000000
95263 0.000000
95282 0.000000
95332 0.000000
95347 0.000000
95377 0.500000
95378 0.000000
95385 0.000000
95388 0.000000
95478 0.000000
95499 0.250000
95508 0.000000
95522 0.000000
95614 0.250000
95652 0.000000
95663 0.000000
95676 0.000000
95679 0.250000
95692 0.000000
95695 0.000000
95720 0.000000
95751 0.000000
95752 0.000000
95770 0.000000
95815 0.000000
95826 0.000000
95945 0.000000
95974 0.000000
95989 0.000000
95996 0.000000
96038 0.000000
96042 0.000000
96045 0.000000
96061 0.000000
96067 0.000000
96098 0.000000
96133 0.000000
96134 0.000000
96140 1.000000
96166 0.000000
96195 0.000000
96209 0.000000
96219 0.000000
96237 0.000000
96274 0.000000
96289 0.000000
96329 0.000000
96343 0.000000
96414 0.000000
96420 0.500000
96441 0.500000
96461 0.500000
96500 0.000000
96502 0.000000
96511 0.000000
96616 0.000000
96633 0.000000
96699 0.000000
96762 0.000000
96765 0.000000
96816 0.000000
96842 0.000000
96846 0.000000
96849 0.000000
96888 1.000000
96898 0.000000
96914 0.500000
96977 0.000000
96988 0.000000
97004 0.000000
97032 0.000000
97037 0.000000
97082 0.000000
97094 0.000000
97156 0.000000
97164 0.000000
97198 0.000000
97212 0.000000
97268 0.000000
97275 0.000000
97276 0.000000
97317 0.000000
97369 0.000000
97371 0.250000
97422 0.000000
97458 0.250000
97512 0.000000
97536 0.000000
97541 0.000000
97649 0.750000
97726 0.000000
97746 0.000000
97758 0.000000
97804 0.000000
97820 0.000000
97845 0.000000
97857 0.000000
97868 0.000000
97881 0.000000
97886 0.000000
97897 0.000000
97907 0.750000
97970 0.000000
98018 0.000000
98058 0.000000
98069 0.333333
98098 0.000000
98148 0.000000
98183 0.000000
98198 0.000000
98219 0.000000
98220 0.000000
98269 0.000000
98334 0.000000
98349 0.000000
98410 0.000000
98416 0.000000
98455 0.000000
98464 0.000000
98509 0.000000
98540 0.000000
98554 0.000000
98567 0.000000
98609 0.000000
98613 0.000000
98774 0.000000
98852 0.000000
98876 0.000000
98886 0.250000
98890 0.000000
98908 0.000000
98923 0.000000
98924 1.000000
98926 0.000000
98939 0.000000
98945 0.000000
98969 0.000000
98994 0.000000
98999 0.000000
99005 0.000000
99068 0.000000
99091 0.000000
99115 0.000000
99149 0.000000
99268 0.000000
99310 0.000000
99320 0.000000
99332 0.000000
99359 0.000000
99371 0.000000
99374 0.000000
99422 0.000000
99434 0.000000
99454 0.000000
99482 0.000000
99678 0.000000
99696 0.000000
99715 0.000000
99731 0.000000
99742 0.000000
99749 0.000000
99777 0.000000
99855 0.000000
99860 0.000000
99880 0.000000
99889 0.000000
99910 0.000000
99912 0.000000
99943 0.000000
100012 0.000000
100027 0.000000
100055 0.000000
100113 0.000000
100114 0.000000
100130 0.000000
100150 0.000000
100172 0.000000
100181 0.500000
100202 0.000000
100236 0.000000
100254 0.500000
100341 0.000000
100353 0.000000
100372 0.000000
100407 0.000000
100422 0.000000
100469 0.000000
100490 0.000000
100555 0.000000
100611 0.000000
100618 0.000000
100630 0.000000
100732 0.000000
100755 0.000000
100757 0.000000
100775 0.000000
100778 0.000000
100812 0.666667
100817 0.000000
100819 0.000000
100848 0.000000
100856 0.000000
100858 0.000000
100868 0.000000
100935 0.000000
101002 0.000000
101027 0.000000
101035 0.000000
101064 0.250000
101088 0.000000
101129 0.000000
101161 0.000000
101182 0.000000
101251 0.000000
101256 0.000000
101257 0.000000
101258 0.000000
101296 0.000000
101317 0.000000
101325 0.000000
101344 0.000000
101359 0.000000
101369 0.000000
101390 0.000000
101413 0.250000
101466 0.000000
101507 0.000000
101576 0.000000
101621 0.000000
101671 0.000000
101685 0.000000
101792 0.000000
101816 0.000000
101864 0.000000
101920 0.000000
101927 0.500000
101946 0.000000
102001 0.000000
102012 0.000000
102048 0.000000
102062 0.000000
102082 0.000000
102083 0.000000
102091 0.000000
102106 0.000000
102139 0.000000
102241 0.500000
102250 0.000000
102303 0.000000
102305 0.000000
102315 0.000000
102320 0.000000
102324 0.000000
102340 0.000000
102427 0.000000
102446 0.000000
102466 0.000000
102483 0.357143
102504 0.000000
102510 0.000000
102548 1.000000
102582 0.000000
102585 0.000000
102614 0.000000
102622 0.000000
102709 0.500000
102714 0.000000
102720 0.000000
102739 0.000000
102777 0.000000
102857 0.000000
102895 0.000000
102929 0.000000
102931 0.000000
102940 0.000000
102962 0.000000
102966 0.000000
102983 0.000000
103015 0.000000
103027 0.000000
103038 0.000000
103063 0.000000
103064 1.000000
103075 0.000000
103095 0.000000
103103 0.000000
103111 0.000000
103116 0.000000
103129 0.000000
103213 0.000000
103224 0.500000
103226 0.000000
103234 0.000000
103238 0.000000
103256 0.000000
103286 0.000000
103300 0.000000
103328 0.000000
103422 0.500000
103493 0.250000
103498 0.000000
103571 0.000000
103598 0.125000
103605 0.000000
103617 0.500000
103637 0.000000
103638 0.666667
103648 0.000000
103657 0.000000
103697 0.000000
103718 0.000000
103736 0.000000
103796 0.000000
103810 0.000000
103829 0.166667
103831 0.000000
103854 0.000000
103879 0.000000
103895 0.500000
103922 0.000000
104017 0.000000
104023 0.250000
104028 0.000000
104075 0.000000
104086 0.000000
104114 0.000000
104209 0.000000
104213 0.000000
104215 0.000000
104251 0.000000
104252 0.000000
104267 1.000000
104338 0.000000
104399 0.000000
104410 0.750000
104449 0.000000
104453 0.000000
104461 0.250000
104480 0.750000
104501 0.000000
104547 0.000000
104587 0.000000
104601 0.000000
104623 0.000000
104659 0.000000
104701 0.000000
104717 1.000000
104780 0.000000
104797 0.000000
104856 0.250000
104871 0.000000
104909 0.000000
104911 0.000000
104978 0.000000
104993 0.000000
104997 0.000000
105074 0.000000
105087 0.000000
105095 0.000000
105122 0.000000
105127 0.000000
105128 0.187500
105166 0.000000
105205 0.000000
105225 0.000000
105236 0.000000
105262 0.000000
105273 0.000000
105323 0.562500
105344 0.000000
105407 0.000000
105414 0.000000
105437 0.000000
105448 0.000000
105465 1.000000
105495 0.000000
105549 0.000000
105574 0.000000
105607 0.000000
105623 0.000000
105668 0.000000
105715 1.000000
105718 0.000000
105762 0.000000
105796 0.000000
105859 0.000000
105871 0.000000
105876 0.000000
105877 0.000000
105897 0.000000
105940 0.000000
105949 0.000000
105984 0.000000
106022 0.000000
106062 0.000000
106231 0.000000
106238 0.000000
106256 0.000000
106328 0.000000
106332 0.000000
106351 0.000000
106365 0.000000
106394 0.000000
106416 1.000000
106462 1.000000
106495 0.000000
106498 0.000000
106508 0.000000
106587 0.000000
106614 0.000000
106620 0.000000
106638 0.000000
106764 0.000000
106775 0.000000
106817 0.000000
106865 0.000000
106914 0.000000
106918 0.000000
106962 0.000000
106968 0.000000
106984 0.000000
107047 0.000000
107081 0.000000
107137 1.000000
107168 0.000000
107236 0.000000
107288 0.000000
107319 0.125000
107386 0.000000
107414 0.000000
107492 0.000000
107507 0.000000
107521 0.000000
107546 0.000000
107550 0.000000
107590 1.000000
107614 0.375000
107646 1.000000
107666 0.187500
107672 0.000000
107675 0.000000
107686 0.000000
107690 0.000000
107733 0.000000
107796 0.500000
107825 0.000000
107864 0.277778
107899 0.000000
107923 0.000000
108000 0.000000
108074 0.250000
108087 0.000000
108097 0.000000
108111 0.000000
108167 0.000000
108182 0.000000
108193 0.000000
108216 0.000000
108225 0.000000
108229 0.000000
108242 0.000000
108263 0.000000
108270 0.000000
108293 0.000000
108300 1.000000
108330 0.000000
108351 0.000000
108370 0.000000
108371 0.000000
108400 0.000000
108464 0.000000
108495 0.000000
108509 0.000000
108510 0.000000
108527 0.000000
108555 0.000000
108569 0.000000
108605 0.000000
108618 0.000000
108709 0.000000
108722 0.000000
108752 0.250000
108758 0.000000
108767 0.500000
108840 0.000000
108871 0.000000
108918 0.000000
108920 0.000000
108929 0.000000
108977 0.000000
109014 0.000000
109049 0.285714
109057 0.000000
109063 0.000000
109100 0.000000
109148 0.000000
109158 0.000000
109188 0.500000
109219 0.000000
109258 0.000000
109295 0.000000
109300 0.000000
109335 0.000000
109343 0.000000
109345 0.000000
109352 0.000000
109394 0.000000
109466 0.000000
109484 0.500000
109500 0.000000
109525 0.000000
109537 0.000000
109540 0.250000
109544 0.000000
109565 0.000000
109659 0.250000
109665 0.000000
109713 0.000000
109740 0.000000
109749 0.000000
109777 0.000000
109779 0.000000
109795 0.000000
109835 0.000000
109867 0.000000
109903 0.500000
109936 0.000000
109983 0.250000
109991 0.000000
110121 0.000000
110146 0.000000
110147 0.500000
110157 0.000000
110271 0.000000
110300 0.000000
110322 0.000000
110325 0.000000
110333 0.000000
110373 0.000000
110380 0.000000
110390 0.083333
110423 0.000000
110463 0.000000
110514 0.000000
110574 0.250000
110575 0.000000
110581 0.000000
110596 0.071429
110621 0.000000
110732 0.000000
110835 0.000000
110865 0.000000
110890 0.000000
110897 0.000000
110986 0.000000
111070 0.000000
111095 0.000000
111169 0.000000
111215 0.250000
111236 0.000000
111238 0.000000
111346 0.000000
111356 0.000000
111361 0.000000
111401 0.000000
111434 0.000000
111477 0.000000
111502 0.250000
111561 0.000000
111575 0.000000
111709 0.000000
111724 0.000000
111736 0.000000
111773 0.000000
111783 0.250000
111808 0.000000
111823 0.000000
111853 0.000000
111863 0.000000
111899 0.500000
111900 0.000000
111929 1.000000
111943 0.300000
111960 0.000000
111982 0.000000
111986 0.000000
111993 0.000000
112000 0.000000
112025 0.000000
112026 0.000000
112085 0.000000
112115 0.000000
112131 0.000000
112135 0.000000
112137 0.000000
112143 0.000000
112176 0.000000
112178 0.250000
112182 0.000000
112263 0.000000
112280 0.000000
112296 0.000000
112299 0.000000
112330 0.000000
112346 0.071429
112368 0.000000
112432 0.000000
112446 0.250000
112470 0.000000
112471 0.000000
112491 0.000000
112494 0.000000
112514 1.000000
112566 0.166667
112605 0.000000
112666 0.000000
112710 0.000000
112711 0.000000
112752 0.250000
112826 0.000000
112847 0.166667
112904 0.000000
112953 0.000000
113043 0.000000
113167 0.000000
113201 0.000000
113211 0.312500
113289 0.000000
113356 0.000000
113366 0.000000
113389 0.250000
113413 0.000000
113473 0.000000
113489 0.050000
113520 0.000000
113524 0.000000
113540 0.000000
113676 0.000000
113691 0.000000
113702 0.000000
113713 0.000000
113728 0.500000
113791 0.000000
113801 0.000000
113812 0.285714
113852 0.000000
113862 0.000000
113865 0.000000
113879 0.000000
113883 0.000000
113933 0.000000
113944 0.000000
113948 0.000000
113994 0.000000
114007 0.000000
114065 0.000000
114074 0.000000
114079 0.000000
114105 0.000000
114157 0.000000
114173 0.000000
114205 0.000000
114234 0.000000
114249 0.000000
114254 0.000000
114280 0.000000
114340 0.000000
114351 0.000000
114420 0.000000
114443 0.000000
114454 0.000000
114505 0.500000
